# File generated by CMD 3.3 (http://stev.oapd.inaf.it/cmd) on Sun Jun 21 02:14:01 CEST 2020
# isochrones based on PARSEC release v1.2S +  COLIBRI S_35
# Basic references: Bressan et al. (2012), MNRAS, 427, 127 + Chen et al. (2014, 2015), MNRAS, 444, 2525 + MNRAS, 452, 1068 + Tang et al. (2014), MNRAS, 445, 4287 + Marigo et al. (2017), ApJ, 835, 77 + Pastorelli al. (2019), MNRAS in press
# Thermal pulse cycles included 
# On RGB, assumed Reimers mass loss with efficiency eta=0.2
# Photometric system: SDSS <i>ugriz</i>
# Attention: photometry includes extinction of Av=0.04681, with coefficients derived star-by-star, for Cardelli et al 89 + O'Donnell 94 Rv=3.1 extinction curve.
# Using YBC version of bolometric corrections as in Chen et al. (2019)
# O-rich circumstellar dpmod60alox40 dust from Groenewegen (2006)
# C-rich circumstellar AMCSIC15 dust from Groenewegen (2006)
# IMF: Kroupa (2001, 2002) + Kroupa et al. (2013) canonical two-part-power law IMF corrected for unresolved binaries 
# Kind of output: isochrone tables
 Zini     MH   logAge Mini        int_IMF         Mass   logL    logTe  logg  label   McoreTP C_O  period0 period1 pmode  Mloss  tau1m   X   Y   Xc  Xn  Xo  Cexcess  Z 	 mbolmag  umag    gmag    rmag    imag    zmag
0.0001 -2.19174 10.00000 0.1000000015 1.1711064577    0.100 -2.782  3.5584  5.406    1  0.000  0.545     0.00     0.00 -1  -1.3e-16      0.00 7.463e-01 2.536e-01 1.798e-05 4.851e-06 4.400e-05 -1.000 1.000e-04 11.726 16.848 13.879 12.249 11.607 11.221
0.0001 -2.19174 10.00000 0.1098214313 1.2482755184    0.109 -2.634  3.5738  5.357    1  0.000  0.545     0.00     0.00 -1 -1.85e-16      0.00 7.448e-01 2.551e-01 1.798e-05 4.851e-06 4.400e-05 -1.000 1.000e-04 11.354 15.975 13.280 11.795 11.221 10.878
0.0001 -2.19174 10.00000 0.1294642836 1.3786746264    0.129 -2.393  3.5963  5.278    1  0.000  0.545     0.00     0.00 -1 -3.25e-16      0.00 7.422e-01 2.577e-01 1.798e-05 4.851e-06 4.400e-05 -1.000 1.000e-04 10.752 14.738 12.379 11.102 10.603 10.307
0.0001 -2.19174 10.00000 0.1491071582 1.4855960608    0.149 -2.231  3.6076  5.224    1  0.000  0.545     0.00     0.00 -1 -4.67e-16      0.00 7.405e-01 2.594e-01 1.798e-05 4.851e-06 4.400e-05 -1.000 9.996e-05 10.348 14.053 11.842 10.659 10.192 9.916
0.0001 -2.19174 10.00000 0.1687500030 1.5756140947    0.168 -2.106  3.6150  5.181    1  0.000  0.545     0.00     0.00 -1 -6.17e-16      0.00 7.397e-01 2.602e-01 1.798e-05 4.851e-06 4.400e-05 -1.000 9.996e-05 10.034 13.569 11.448 10.320 9.872 9.610
0.0001 -2.19174 10.00000 0.2080357224 1.7204496861    0.207 -1.902  3.6260  5.112    1  0.000  0.545     0.00     0.00 -1 -9.62e-16      0.00 7.392e-01 2.607e-01 1.798e-05 4.851e-06 4.400e-05 -1.000 1.000e-04 9.524 12.815 10.822 9.773 9.354 9.110
0.0001 -2.19174 10.00000 0.2571428716 1.8581268787    0.257 -1.712  3.6360  5.055    1  0.000  0.545     0.00     0.00 -1 -1.43e-15      0.00 7.393e-01 2.606e-01 1.798e-05 4.852e-06 4.400e-05 -1.000 1.001e-04 9.049 12.130 10.248 9.266 8.871 8.644
0.0001 -2.19174 10.00000 0.3062500358 1.9652637243    0.306 -1.565  3.6444  5.018    1  0.000  0.545     0.00     0.00 -1 -1.92e-15      0.00 7.394e-01 2.605e-01 1.797e-05 4.852e-06 4.400e-05 -1.000 1.000e-04 8.682 11.598 9.805 8.873 8.497 8.284
0.0001 -2.19174 10.00000 0.3553571701 2.0521113873    0.355 -1.442  3.6522  4.991    1  0.000  0.544     0.00     0.00 -1 -2.44e-15      0.00 7.404e-01 2.595e-01 1.796e-05 4.853e-06 4.400e-05 -1.000 1.001e-04 8.375 11.142 9.432 8.542 8.185 7.984
0.0001 -2.19174 10.00000 0.4044643044 2.1246092319    0.404 -1.324  3.6604  4.962    1  0.000  0.545     0.00     0.00 -1  -3.1e-15      0.00 7.502e-01 2.497e-01 1.798e-05 4.851e-06 4.400e-05 -1.000 9.994e-05 8.079 10.694 9.070 8.224 7.884 7.696
0.0001 -2.19174 10.00000 0.4535714388 2.1864814758    0.453 -1.180  3.6734  4.920    1  0.000  0.545     0.00     0.00 -1 -4.27e-15      0.00 7.507e-01 2.492e-01 1.798e-05 4.851e-06 4.400e-05 -1.000 1.000e-04 7.721 10.103 8.615 7.835 7.523 7.354
0.0001 -2.19174 10.00000 0.5026785731 2.2401986122    0.503 -1.021  3.6875  4.863    1  0.000  0.545     0.00     0.00 -1 -6.25e-15      0.00 7.523e-01 2.476e-01 1.788e-05 4.824e-06 4.375e-05 -1.000 9.996e-05 7.323 9.470 8.122 7.409 7.126 6.977
0.0001 -2.19174 10.00000 0.5517857671 2.2851314545    0.551 -0.830  3.7060  4.786    1  0.000  0.544     0.00     0.00 -1 -1.01e-14      0.00 7.793e-01 2.206e-01 1.605e-05 4.332e-06 3.930e-05 -1.000 9.999e-05 6.846 8.719 7.537 6.906 6.659 6.536
0.0001 -2.19174 10.00000 0.5857202411 2.3111710548    0.585 -0.694  3.7222  4.740    1  0.000  0.544     0.00     0.00 -1 -1.41e-14      0.00 7.868e-01 2.131e-01 1.556e-05 4.202e-06 3.813e-05 -1.000 9.999e-05 6.505 8.173 7.115 6.550 6.334 6.233
0.0001 -2.19174 10.00000 0.6008928418 2.3217256069    0.600 -0.635  3.7292  4.721    1  0.000  0.544     0.00     0.00 -1 -1.63e-14      0.00 7.901e-01 2.098e-01 1.535e-05 4.145e-06 3.762e-05 -1.000 1.000e-04 6.359 7.947 6.936 6.399 6.196 6.104
0.0001 -2.19174 10.00000 0.6122335196 2.3292226791    0.612 -0.588  3.7354  4.707    1  0.000  0.544     0.00     0.00 -1 -1.84e-14      0.00 7.933e-01 2.066e-01 1.514e-05 4.090e-06 3.713e-05 -1.000 9.997e-05 6.240 7.766 6.793 6.279 6.087 6.002
0.0001 -2.19174 10.00000 0.6268575788 2.3384315968    0.627 -0.527  3.7435  4.688    1  0.000  0.544     0.00     0.00 -1 -2.13e-14      0.00 7.976e-01 2.023e-01 1.486e-05 4.015e-06 3.645e-05 -1.000 1.000e-04 6.088 7.536 6.608 6.125 5.947 5.873
0.0001 -2.19174 10.00000 0.6399217844 2.3462502956    0.640 -0.472  3.7507  4.671    1  0.000  0.543     0.00     0.00 -1 -2.44e-14      0.00 8.018e-01 1.982e-01 1.460e-05 3.944e-06 3.582e-05 -1.000 8.050e-05 5.950 7.335 6.445 5.989 5.824 5.759
0.0001 -2.19174 10.00000 0.6499999762 2.3520355225    0.650 -0.430  3.7563  4.657    1  0.000  0.543     0.00     0.00 -1 -2.71e-14      0.00 8.051e-01 1.948e-01 1.438e-05 3.886e-06 3.530e-05 -1.000 4.314e-05 5.844 7.183 6.319 5.885 5.730 5.671
0.0001 -2.19174 10.00000 0.6578151584 2.3563814163    0.658 -0.396  3.7604  4.646    1  0.000  0.543     0.00     0.00 -1 -2.95e-14      0.00 8.084e-01 1.915e-01 1.417e-05 3.830e-06 3.479e-05 -1.000 1.001e-04 5.760 7.067 6.222 5.803 5.656 5.602
0.0001 -2.19174 10.00000 0.6703730226 2.3631217480    0.670 -0.342  3.7670  4.626    1  0.000  0.543     0.00     0.00 -1 -3.39e-14      0.00 8.140e-01 1.859e-01 1.380e-05 3.734e-06 3.393e-05 -1.000 1.000e-04 5.625 6.889 6.068 5.672 5.536 5.490
0.0001 -2.19174 10.00000 0.6827354431 2.3694791794    0.683 -0.288  3.7734  4.606    1  0.000  0.542     0.00     0.00 -1 -3.89e-14      0.00 8.200e-01 1.799e-01 1.342e-05 3.631e-06 3.301e-05 -1.000 1.000e-04 5.490 6.717 5.916 5.542 5.416 5.377
0.0001 -2.19174 10.00000 0.6937190890 2.3749094009    0.694 -0.239  3.7789  4.586    1  0.000  0.542     0.00     0.00 -1 -4.42e-14      0.00 8.257e-01 1.742e-01 1.305e-05 3.534e-06 3.213e-05 -1.000 1.000e-04 5.368 6.565 5.780 5.425 5.308 5.275
0.0001 -2.19174 10.00000 0.6999999881 2.3779268265    0.700 -0.211  3.7820  4.574    1  0.000  0.541     0.00     0.00 -1 -4.75e-14      0.00 8.291e-01 1.708e-01 1.283e-05 3.475e-06 3.160e-05 -1.000 1.000e-04 5.298 6.480 5.702 5.358 5.245 5.216
0.0001 -2.19174 10.00000 0.7001399398 2.3779933453    0.700 -0.210  3.7821  4.574    1  0.000  0.541     0.00     0.00 -1 -4.76e-14      0.00 8.292e-01 1.707e-01 1.282e-05 3.474e-06 3.159e-05 -1.000 9.994e-05 5.296 6.478 5.700 5.356 5.244 5.215
0.0001 -2.19174 10.00000 0.7127579451 2.3838679790    0.712 -0.152  3.7880  4.547    1  0.000  0.539     0.00     0.00 -1 -5.57e-14      0.00 8.363e-01 1.637e-01 1.237e-05 3.363e-06 3.062e-05 -1.000 7.498e-05 5.151 6.308 5.539 5.216 5.114 5.092
0.0001 -2.19174 10.00000 0.7249027491 2.3893005848    0.725 -0.094  3.7935  4.518    1  0.000  0.536     0.00     0.00 -1 -6.52e-14      0.00 8.426e-01 1.573e-01 1.198e-05 3.269e-06 2.979e-05 -1.000 4.938e-05 5.006 6.143 5.380 5.076 4.983 4.968
0.0001 -2.19174 10.00000 0.7357029915 2.3939590454    0.735 -0.040  3.7983  4.490    1  0.000  0.534     0.00     0.00 -1 -7.56e-14      0.00 8.477e-01 1.522e-01 1.168e-05 3.197e-06 2.916e-05 -1.000 6.300e-05 4.871 5.994 5.233 4.946 4.861 4.851
0.0001 -2.19174 10.00000 0.7458790541 2.3982064724    0.745  0.013  3.8028  4.461    1  0.000  0.532     0.00     0.00 -1 -8.77e-14      0.00 8.520e-01 1.480e-01 1.144e-05 3.142e-06 2.869e-05 -1.000 1.644e-05 4.739 5.852 5.088 4.816 4.739 4.734
0.0001 -2.19174 10.00000 0.7500000000 2.3998889923    0.750  0.035  3.8045  4.448    1  0.000  0.531     0.00     0.00 -1 -9.34e-14      0.00 8.536e-01 1.464e-01 1.136e-05 3.124e-06 2.853e-05 -1.000 -1.043e-07 4.683 5.793 5.028 4.762 4.687 4.685
0.0001 -2.19174 10.00000 0.7573732734 2.4028468132    0.757  0.075  3.8079  4.425    1  0.000  0.530     0.00     0.00 -1 -1.05e-13      0.00 8.540e-01 1.460e-01 1.139e-05 3.134e-06 2.864e-05 -1.000 1.518e-05 4.581 5.686 4.917 4.663 4.594 4.596
0.0001 -2.19174 10.00000 0.7659595013 2.4062087536    0.765  0.125  3.8119  4.396    1  0.000  0.530     0.00     0.00 -1 -1.21e-13      0.00 8.544e-01 1.456e-01 1.144e-05 3.147e-06 2.876e-05 -1.000 3.265e-05 4.456 5.557 4.781 4.540 4.478 4.484
0.0001 -2.19174 10.00000 0.7741830945 2.4093484879    0.773  0.177  3.8157  4.365    1  0.000  0.529     0.00     0.00 -1  -1.4e-13      0.00 8.546e-01 1.453e-01 1.147e-05 3.160e-06 2.889e-05 -1.000 9.997e-05 4.328 5.426 4.641 4.413 4.357 4.368
0.0001 -2.19174 10.00000 0.7818734646 2.4122159481    0.781  0.228  3.8193  4.332    1  0.000  0.529     0.00     0.00 -1 -1.63e-13      0.00 8.548e-01 1.451e-01 1.152e-05 3.174e-06 2.903e-05 -1.000 9.997e-05 4.200 5.296 4.502 4.285 4.235 4.250
0.0001 -2.19174 10.00000 0.7911351323 2.4155843258    0.790  0.296  3.8234  4.286    1  0.000  0.529     0.00     0.00 -1 -1.99e-13      0.00 8.548e-01 1.451e-01 1.158e-05 3.193e-06 2.922e-05 -1.000 9.999e-05 4.031 5.128 4.320 4.116 4.074 4.094
0.0001 -2.19174 10.00000 0.7996870279 2.4186151028    0.799  0.365  3.8270  4.235    1  0.000  0.529     0.00     0.00 -1 -2.46e-13      0.00 8.548e-01 1.452e-01 1.165e-05 3.211e-06 2.938e-05 -1.000 1.787e-05 3.857 4.955 4.134 3.941 3.905 3.930
0.0001 -2.19174 10.00000 0.8000000119 2.4187245369    0.799  0.368  3.8271  4.233    1  0.000  0.529     0.00     0.00 -1 -2.48e-13      0.00 8.548e-01 1.452e-01 1.165e-05 3.212e-06 2.939e-05 -1.000 1.442e-05 3.850 4.949 4.127 3.935 3.899 3.924
0.0001 -2.19174 10.00000 0.8012468815 2.4191598892    0.800  0.378  3.8276  4.226    1  0.000  0.529     0.00     0.00 -1 -2.56e-13      0.00 8.547e-01 1.453e-01 1.165e-05 3.213e-06 2.940e-05 -1.000 1.907e-06 3.825 4.924 4.099 3.909 3.875 3.900
0.0001 -2.19174 10.00000 0.8072426915 2.4212312698    0.806  0.431  3.8299  4.185    1  0.000  0.528     0.00     0.00 -1 -3.03e-13      0.00 8.542e-01 1.457e-01 1.168e-05 3.221e-06 2.948e-05 -1.000 1.000e-04 3.693 4.794 3.958 3.776 3.746 3.774
0.0001 -2.19174 10.00000 0.8138886094 2.4234864712    0.813  0.494  3.8316  4.132    1  0.000  0.529     0.00     0.00 -1  -3.7e-13      0.00 8.523e-01 1.476e-01 1.181e-05 3.254e-06 2.978e-05 -1.000 1.000e-04 3.535 4.641 3.793 3.617 3.591 3.621
0.0001 -2.19174 10.00000 0.8152154088 2.4239315987    0.814  0.508  3.8316  4.119    1  0.000  0.529     0.00     0.00 -1 -3.89e-13      0.00 8.519e-01 1.480e-01 1.183e-05 3.261e-06 2.984e-05 -1.000 9.999e-05 3.501 4.608 3.757 3.582 3.556 3.587
0.0001 -2.19174 10.00000 0.8159552813 2.4241793156    0.815  0.516  3.8316  4.111    1  0.000  0.529     0.00     0.00 -1 -4.01e-13      0.00 8.516e-01 1.483e-01 1.185e-05 3.265e-06 2.988e-05 -1.000 9.994e-05 3.480 4.589 3.736 3.562 3.535 3.566
0.0001 -2.19174 10.00000 0.8201174140 2.4255621433    0.819  0.565  3.8304  4.060    1  0.000  0.529     0.00     0.00 -1 -4.72e-13      0.00 8.504e-01 1.495e-01 1.193e-05 3.286e-06 3.007e-05 -1.000 1.000e-04 3.358 4.472 3.613 3.437 3.410 3.439
0.0001 -2.19174 10.00000 0.8240900040 2.4268670082    0.822  0.619  3.8266  3.993    1  0.000  0.529     0.00     0.00 -1 -5.75e-13      0.00 8.492e-01 1.507e-01 1.200e-05 3.306e-06 3.025e-05 -1.000 1.000e-04 3.222 4.346 3.483 3.298 3.266 3.291
0.0001 -2.19174 10.00000 0.8247934580 2.4270966053    0.823  0.630  3.8256  3.979    1  0.000  0.529     0.00     0.00 -1 -6.02e-13      0.00 8.490e-01 1.509e-01 1.201e-05 3.310e-06 3.028e-05 -1.000 9.999e-05 3.196 4.322 3.459 3.271 3.237 3.261
0.0001 -2.19174 10.00000 0.8254300952 2.4273037910    0.824  0.640  3.8242  3.962    1  0.000  0.529     0.00     0.00 -1 -6.28e-13      0.00 8.488e-01 1.511e-01 1.203e-05 3.313e-06 3.031e-05 -1.000 1.000e-04 3.169 4.298 3.435 3.243 3.207 3.229
0.0001 -2.19174 10.00000 0.8275688291 2.4279978275    0.826  0.679  3.8179  3.900    2  0.000  0.529     0.00     0.00 -1 -7.34e-13      0.00 8.482e-01 1.517e-01 1.207e-05 3.324e-06 3.041e-05 -1.000 1.000e-04 3.073 4.214 3.352 3.144 3.098 3.113
0.0001 -2.19174 10.00000 0.8291981816 2.4285237789    0.827  0.712  3.8102  3.836    2  0.000  0.529     0.00     0.00 -1 -8.53e-13      0.00 8.477e-01 1.522e-01 1.210e-05 3.332e-06 3.048e-05 -1.000 9.997e-05 2.989 4.144 3.286 3.056 2.998 3.004
0.0001 -2.19174 10.00000 0.8304694295 2.4289324284    0.829  0.743  3.8011  3.770    2  0.000  0.529     0.00     0.00 -1 -9.86e-13      0.00 8.473e-01 1.526e-01 1.212e-05 3.339e-06 3.054e-05 -1.000 9.993e-05 2.913 4.087 3.234 2.975 2.903 2.898
0.0001 -2.19174 10.00000 0.8314917684 2.4292600155    0.830  0.771  3.7910  3.702    2  0.000  0.529     0.00     0.00 -1 -1.14e-12      0.00 8.470e-01 1.529e-01 1.214e-05 3.345e-06 3.060e-05 -1.000 8.632e-05 2.842 4.044 3.192 2.901 2.812 2.796
0.0001 -2.19174 10.00000 0.8323430419 2.4295320511    0.830  0.797  3.7806  3.635    2  0.000  0.529     0.00     0.00 -1 -1.31e-12      0.00 8.429e-01 1.571e-01 1.238e-05 3.410e-06 3.118e-05 -1.000 6.822e-05 2.777 4.011 3.157 2.833 2.727 2.698
0.0001 -2.19174 10.00000 0.8330845237 2.4297685623    0.831  0.822  3.7708  3.571    2  0.000  0.531     0.00     0.00 -1 -1.49e-12      0.00 8.236e-01 1.763e-01 1.348e-05 3.704e-06 3.381e-05 -1.000 4.196e-05 2.714 3.988 3.123 2.768 2.646 2.606
0.0001 -2.19174 10.00000 0.8337684870 2.4299862385    0.832  0.849  3.7620  3.509    2  0.000  0.534     0.00     0.00 -1  -1.7e-12      0.00 7.996e-01 2.004e-01 1.486e-05 4.072e-06 3.710e-05 -1.000 6.998e-05 2.648 3.961 3.084 2.700 2.564 2.514
0.0001 -2.19174 10.00000 0.8344549537 2.4302043915    0.832  0.884  3.7541  3.443    2  0.000  0.536     0.00     0.00 -1 -1.98e-12      0.00 7.817e-01 2.182e-01 1.590e-05 4.350e-06 3.957e-05 -1.000 1.000e-04 2.561 3.920 3.024 2.613 2.463 2.404
0.0001 -2.19174 10.00000 0.8349917531 2.4303746223    0.833  0.920  3.7491  3.387    2  0.000  0.536     0.00     0.00 -1  -2.3e-12      0.00 7.743e-01 2.256e-01 1.632e-05 4.464e-06 4.059e-05 -1.000 1.000e-04 2.471 3.862 2.952 2.523 2.365 2.299
0.0001 -2.19174 10.00000 0.8355230093 2.4305429459    0.833  0.963  3.7450  3.328    2  0.000  0.537     0.00     0.00 -1 -2.72e-12      0.00 7.700e-01 2.299e-01 1.658e-05 4.531e-06 4.119e-05 -1.000 1.000e-04 2.362 3.782 2.858 2.415 2.250 2.179
0.0001 -2.19174 10.00000 0.8356020451 2.4305679798    0.833  0.971  3.7445  3.318    3  0.000  0.536     0.00     0.00 -1 -2.81e-12      0.00 7.696e-01 2.304e-01 1.660e-05 4.538e-06 4.125e-05 -1.000 2.821e-05 2.344 3.767 2.841 2.397 2.231 2.159
0.0001 -2.19174 10.00000 0.8360363841 2.4307053089    0.834  1.012  3.7421  3.267    3  0.000  0.537     0.00     0.00 -1 -3.26e-12      0.00 7.672e-01 2.327e-01 1.672e-05 4.570e-06 4.154e-05 -1.000 1.000e-04 2.239 3.679 2.745 2.293 2.123 2.048
0.0001 -2.19174 10.00000 0.8365163803 2.4308569431    0.834  1.062  3.7397  3.208    3  0.000  0.537     0.00     0.00 -1  -3.9e-12      0.00 7.649e-01 2.350e-01 1.682e-05 4.599e-06 4.179e-05 -1.000 7.471e-05 2.115 3.574 2.631 2.170 1.996 1.918
0.0001 -2.19174 10.00000 0.8369216323 2.4309847355    0.834  1.106  3.7379  3.157    3  0.000  0.537     0.00     0.00 -1 -4.59e-12      0.00 7.633e-01 2.366e-01 1.690e-05 4.618e-06 4.196e-05 -1.000 9.820e-05 2.004 3.478 2.526 2.060 1.883 1.803
0.0001 -2.19174 10.00000 0.8373119235 2.4311077595    0.835  1.152  3.7363  3.105    3  0.000  0.537     0.00     0.00 -1 -5.41e-12      0.00 7.618e-01 2.381e-01 1.695e-05 4.633e-06 4.211e-05 -1.000 1.000e-04 1.891 3.379 2.419 1.948 1.769 1.687
0.0001 -2.19174 10.00000 0.8376753330 2.4312219620    0.835  1.196  3.7347  3.054    3  0.000  0.537     0.00     0.00 -1 -6.36e-12      0.00 7.603e-01 2.396e-01 1.699e-05 4.646e-06 4.221e-05 -1.000 1.000e-04 1.779 3.280 2.313 1.838 1.656 1.571
0.0001 -2.19174 10.00000 0.8380178213 2.4313297272    0.835  1.242  3.7332  3.003    3  0.000  0.537     0.00     0.00 -1 -7.48e-12      0.00 7.590e-01 2.409e-01 1.703e-05 4.656e-06 4.230e-05 -1.000 9.996e-05 1.666 3.179 2.206 1.726 1.542 1.456
0.0001 -2.19174 10.00000 0.8383605480 2.4314374924    0.836  1.290  3.7317  2.949    3  0.000  0.536     0.00     0.00 -1  -8.9e-12      0.00 7.577e-01 2.422e-01 1.705e-05 4.668e-06 4.238e-05 -1.000 8.242e-05 1.545 3.071 2.090 1.605 1.419 1.331
0.0001 -2.19174 10.00000 0.8386567831 2.4315304756    0.836  1.335  3.7302  2.897    3  0.000  0.535     0.00     0.00 -1 -1.05e-11      0.00 7.566e-01 2.433e-01 1.705e-05 4.681e-06 4.245e-05 -1.000 9.336e-05 1.431 2.971 1.982 1.493 1.304 1.214
0.0001 -2.19174 10.00000 0.8389481306 2.4316217899    0.836  1.384  3.7287  2.843    3  0.000  0.535     0.00     0.00 -1 -1.25e-11      0.00 7.556e-01 2.443e-01 1.703e-05 4.698e-06 4.249e-05 -1.000 9.996e-05 1.311 2.866 1.867 1.374 1.182 1.090
0.0001 -2.19174 10.00000 0.8392127156 2.4317047596    0.836  1.431  3.7272  2.790    3  0.000  0.533     0.00     0.00 -1 -1.48e-11      0.00 7.546e-01 2.453e-01 1.700e-05 4.727e-06 4.253e-05 -1.000 1.000e-04 1.192 2.761 1.754 1.256 1.062 0.969
0.0001 -2.19174 10.00000 0.8394520283 2.4317796230    0.836  1.478  3.7257  2.737    3  0.000  0.531     0.00     0.00 -1 -1.75e-11      0.00 7.538e-01 2.461e-01 1.695e-05 4.766e-06 4.257e-05 -1.000 9.997e-05 1.076 2.660 1.644 1.141 0.945 0.849
0.0001 -2.19174 10.00000 0.8396702409 2.4318478107    0.836  1.524  3.7241  2.685    3  0.000  0.529     0.00     0.00 -1 -2.07e-11      0.00 7.531e-01 2.468e-01 1.689e-05 4.816e-06 4.260e-05 -1.000 9.997e-05 0.961 2.558 1.535 1.027 0.828 0.731
0.0001 -2.19174 10.00000 0.8398764133 2.4319124222    0.836  1.571  3.7226  2.631    3  0.000  0.527     0.00     0.00 -1 -2.45e-11      0.00 7.525e-01 2.474e-01 1.684e-05 4.864e-06 4.262e-05 -1.000 9.996e-05 0.841 2.453 1.421 0.909 0.708 0.608
0.0001 -2.19174 10.00000 0.8400606513 2.4319701195    0.836  1.618  3.7211  2.579    3  0.000  0.525     0.00     0.00 -1  -2.9e-11      0.00 7.521e-01 2.478e-01 1.679e-05 4.917e-06 4.263e-05 -1.000 1.000e-04 0.726 2.351 1.312 0.795 0.591 0.490
0.0001 -2.19174 10.00000 0.8402258158 2.4320216179    0.836  1.663  3.7195  2.527    3  0.000  0.523     0.00     0.00 -1 -3.41e-11      0.00 7.517e-01 2.482e-01 1.674e-05 4.964e-06 4.265e-05 -1.000 1.000e-04 0.613 2.252 1.205 0.683 0.477 0.374
0.0001 -2.19174 10.00000 0.8403806090 2.4320700169    0.836  1.709  3.7180  2.475    3  0.000  0.522     0.00     0.00 -1 -4.03e-11      0.00 7.515e-01 2.484e-01 1.671e-05 4.998e-06 4.266e-05 -1.000 9.999e-05 0.497 2.154 1.097 0.569 0.360 0.255
0.0001 -2.19174 10.00000 0.8405181170 2.4321129322    0.836  1.754  3.7164  2.424    3  0.000  0.522     0.00     0.00 -1 -4.74e-11      0.00 7.514e-01 2.485e-01 1.669e-05 5.019e-06 4.266e-05 -1.000 9.999e-05 0.385 2.062 0.992 0.458 0.247 0.139
0.0001 -2.19174 10.00000 0.8406464458 2.4321529865    0.836  1.799  3.7147  2.372    3  0.000  0.521     0.00     0.00 -1 -5.59e-11      0.00 7.513e-01 2.486e-01 1.668e-05 5.028e-06 4.266e-05 -1.000 1.000e-04 0.272 1.970 0.886 0.346 0.132 0.022
0.0001 -2.19174 10.00000 0.8407658339 2.4321901798    0.836  1.845  3.7131  2.319    3  0.000  0.521     0.00     0.00 -1  -6.6e-11      0.00 7.513e-01 2.486e-01 1.668e-05 5.029e-06 4.266e-05 -1.000 1.000e-04 0.157 1.875 0.779 0.233 0.015 -0.097
0.0001 -2.19174 10.00000 0.8408753276 2.4322242737    0.835  1.891  3.7115  2.267    3  0.000  0.521     0.00     0.00 -1 -7.79e-11      0.00 7.513e-01 2.486e-01 1.668e-05 5.030e-06 4.266e-05 -1.000 1.001e-04 0.043 1.781 0.673 0.120 -0.100 -0.214
0.0001 -2.19174 10.00000 0.8409748673 2.4322552681    0.835  1.936  3.7097  2.215    3  0.000  0.521     0.00     0.00 -1 -9.17e-11      0.00 7.513e-01 2.486e-01 1.668e-05 5.030e-06 4.266e-05 -1.000 1.001e-04 -0.070 1.690 0.569 0.009 -0.214 -0.330
0.0001 -2.19174 10.00000 0.8410680294 2.4322843552    0.835  1.982  3.7080  2.162    3  0.000  0.521     0.00     0.00 -1 -1.08e-10      0.00 7.513e-01 2.486e-01 1.668e-05 5.031e-06 4.266e-05 -1.000 1.000e-04 -0.184 1.599 0.464 -0.103 -0.329 -0.448
0.0001 -2.19174 10.00000 0.8411529660 2.4323108196    0.834  2.027  3.7064  2.110    3  0.000  0.521     0.00     0.00 -1 -1.28e-10      0.00 7.513e-01 2.486e-01 1.668e-05 5.032e-06 4.266e-05 -1.000 1.001e-04 -0.298 1.509 0.359 -0.215 -0.444 -0.565
0.0001 -2.19174 10.00000 0.8412283063 2.4323344231    0.834  2.071  3.7046  2.059    3  0.000  0.521     0.00     0.00 -1  -1.5e-10      0.00 7.513e-01 2.486e-01 1.668e-05 5.032e-06 4.266e-05 -1.000 1.001e-04 -0.407 1.423 0.259 -0.322 -0.554 -0.678
0.0001 -2.19174 10.00000 0.8412977457 2.4323561192    0.834  2.115  3.7030  2.008    3  0.000  0.521     0.00     0.00 -1 -1.76e-10      0.00 7.513e-01 2.486e-01 1.668e-05 5.033e-06 4.266e-05 -1.000 1.000e-04 -0.517 1.335 0.158 -0.430 -0.666 -0.791
0.0001 -2.19174 10.00000 0.8413628936 2.4323763847    0.833  2.160  3.7012  1.956    3  0.000  0.521     0.00     0.00 -1 -2.07e-10      0.00 7.513e-01 2.486e-01 1.668e-05 5.033e-06 4.266e-05 -1.000 1.000e-04 -0.629 1.250 0.056 -0.541 -0.779 -0.908
0.0001 -2.19174 10.00000 0.8414213657 2.4323945045    0.833  2.203  3.6994  1.905    3  0.000  0.521     0.00     0.00 -1 -2.43e-10      0.00 7.513e-01 2.486e-01 1.668e-05 5.034e-06 4.266e-05 -1.000 1.000e-04 -0.738 1.170 -0.042 -0.647 -0.889 -1.020
0.0001 -2.19174 10.00000 0.8414800167 2.4324128628    0.832  2.249  3.6977  1.852    3  0.000  0.521     0.00     0.00 -1 -2.87e-10      0.00 7.512e-01 2.487e-01 1.667e-05 5.034e-06 4.267e-05 -1.000 1.000e-04 -0.851 1.086 -0.145 -0.758 -1.004 -1.137
0.0001 -2.19174 10.00000 0.8415415883 2.4324319363    0.832  2.292  3.6959  1.801    3  0.000  0.521     0.00     0.00 -1 -3.36e-10      0.00 7.512e-01 2.487e-01 1.667e-05 5.035e-06 4.267e-05 -1.000 1.000e-04 -0.960 1.007 -0.243 -0.865 -1.114 -1.250
0.0001 -2.19174 10.00000 0.8415737748 2.4324419498    0.831  2.303  3.6955  1.788    3  0.000  0.521     0.00     0.00 -1 -3.53e-10      0.00 7.512e-01 2.487e-01 1.667e-05 5.035e-06 4.267e-05 -1.000 9.999e-05 -0.988 0.986 -0.269 -0.892 -1.142 -1.279
0.0001 -2.19174 10.00000 0.8416072130 2.4324524403    0.831  2.293  3.6962  1.801    3  0.000  0.521     0.00     0.00 -1 -3.41e-10      0.00 7.512e-01 2.487e-01 1.667e-05 5.035e-06 4.267e-05 -1.000 1.000e-04 -0.962 1.002 -0.247 -0.867 -1.116 -1.251
0.0001 -2.19174 10.00000 0.8416141272 2.4324545860    0.831  2.300  3.6959  1.793    3  0.000  0.521     0.00     0.00 -1 -3.49e-10      0.00 7.512e-01 2.487e-01 1.667e-05 5.035e-06 4.267e-05 -1.000 1.000e-04 -0.979 0.990 -0.262 -0.884 -1.133 -1.269
0.0001 -2.19174 10.00000 0.8416521549 2.4324662685    0.830  2.339  3.6942  1.747    3  0.000  0.521     0.00     0.00 -1    -4e-10      0.00 7.512e-01 2.487e-01 1.667e-05 5.035e-06 4.267e-05 -1.000 1.000e-04 -1.078 0.919 -0.350 -0.980 -1.233 -1.371
0.0001 -2.19174 10.00000 0.8416905999 2.4324784279    0.829  2.382  3.6925  1.697    3  0.000  0.521     0.00     0.00 -1 -4.66e-10      0.00 7.512e-01 2.487e-01 1.667e-05 5.036e-06 4.267e-05 -1.000 1.000e-04 -1.184 0.842 -0.445 -1.084 -1.340 -1.480
0.0001 -2.19174 10.00000 0.8417232037 2.4324884415    0.829  2.420  3.6909  1.652    3  0.000  0.521     0.00     0.00 -1 -5.36e-10      0.00 7.512e-01 2.487e-01 1.667e-05 5.036e-06 4.267e-05 -1.000 1.000e-04 -1.279 0.775 -0.529 -1.176 -1.436 -1.579
0.0001 -2.19174 10.00000 0.8417553306 2.4324984550    0.828  2.460  3.6891  1.605    3  0.000  0.521     0.00     0.00 -1 -6.21e-10      0.00 7.512e-01 2.487e-01 1.667e-05 5.036e-06 4.267e-05 -1.000 1.001e-04 -1.379 0.706 -0.617 -1.273 -1.536 -1.682
0.0001 -2.19174 10.00000 0.8417853117 2.4325077534    0.827  2.499  3.6874  1.558    3  0.000  0.521     0.00     0.00 -1 -7.19e-10      0.00 7.512e-01 2.487e-01 1.667e-05 5.036e-06 4.267e-05 -1.000 1.000e-04 -1.478 0.639 -0.704 -1.369 -1.636 -1.784
0.0001 -2.19174 10.00000 0.8418115377 2.4325158596    0.826  2.537  3.6857  1.514    3  0.000  0.521     0.00     0.00 -1 -8.25e-10      0.00 7.512e-01 2.487e-01 1.667e-05 5.037e-06 4.267e-05 -1.000 1.000e-04 -1.571 0.584 -0.784 -1.460 -1.730 -1.881
0.0001 -2.19174 10.00000 0.8418375254 2.4325239658    0.825  2.576  3.6840  1.467    3  0.000  0.521     0.00     0.00 -1 -9.53e-10      0.00 7.512e-01 2.487e-01 1.667e-05 5.037e-06 4.267e-05 -1.000 1.000e-04 -1.670 0.537 -0.867 -1.556 -1.830 -1.983
0.0001 -2.19174 10.00000 0.8418605328 2.4325311184    0.825  2.613  3.6823  1.423    3  0.000  0.521     0.00     0.00 -1 -1.09e-09      0.00 7.512e-01 2.487e-01 1.667e-05 5.037e-06 4.267e-05 -1.000 1.001e-04 -1.762 0.501 -0.943 -1.647 -1.926 -2.081
0.0001 -2.19174 10.00000 0.8418820500 2.4325377941    0.824  2.650  3.6806  1.378    3  0.000  0.521     0.00     0.00 -1 -1.25e-09      0.00 7.512e-01 2.487e-01 1.667e-05 5.037e-06 4.267e-05 -1.000 1.000e-04 -1.854 0.472 -1.017 -1.737 -2.020 -2.178
0.0001 -2.19174 10.00000 0.8419025540 2.4325442314    0.822  2.687  3.6789  1.334    3  0.000  0.521     0.00     0.00 -1 -1.44e-09      0.00 7.512e-01 2.487e-01 1.667e-05 5.037e-06 4.267e-05 -1.000 1.000e-04 -1.948 0.448 -1.090 -1.827 -2.115 -2.276
0.0001 -2.19174 10.00000 0.8419246078 2.4325511456    0.821  2.730  3.6771  1.283    3  0.000  0.521     0.00     0.00 -1 -1.68e-09      0.00 7.512e-01 2.487e-01 1.667e-05 5.037e-06 4.267e-05 -1.000 1.000e-04 -2.055 0.420 -1.174 -1.932 -2.225 -2.389
0.0001 -2.19174 10.00000 0.8419423103 2.4325566292    0.820  2.767  3.6752  1.237    3  0.000  0.521     0.00     0.00 -1 -1.93e-09      0.00 7.512e-01 2.487e-01 1.667e-05 5.038e-06 4.267e-05 -1.000 1.000e-04 -2.147 0.413 -1.240 -2.021 -2.320 -2.487
0.0001 -2.19174 10.00000 0.8419606090 2.4325623512    0.818  2.808  3.6732  1.188    3  0.000  0.521     0.00     0.00 -1 -2.25e-09      0.00 7.512e-01 2.487e-01 1.667e-05 5.038e-06 4.267e-05 -1.000 9.999e-05 -2.250 0.405 -1.314 -2.119 -2.424 -2.594
0.0001 -2.19174 10.00000 0.8419757485 2.4325668812    0.817  2.844  3.6715  1.144    3  0.000  0.521     0.00     0.00 -1 -2.57e-09      0.00 7.512e-01 2.487e-01 1.667e-05 5.038e-06 4.267e-05 -1.000 1.000e-04 -2.339 0.404 -1.377 -2.205 -2.516 -2.689
0.0001 -2.19174 10.00000 0.8419911265 2.4325718880    0.815  2.882  3.6695  1.097    3  0.000  0.521     0.00     0.00 -1 -2.98e-09      0.00 7.512e-01 2.487e-01 1.667e-05 5.038e-06 4.267e-05 -1.000 9.999e-05 -2.436 0.414 -1.441 -2.297 -2.616 -2.792
0.0001 -2.19174 10.00000 0.8420038819 2.4325757027    0.813  2.917  3.6679  1.055    3  0.000  0.521     0.00     0.00 -1 -3.38e-09      0.00 7.512e-01 2.487e-01 1.667e-05 5.038e-06 4.267e-05 -1.000 1.000e-04 -2.522 0.423 -1.498 -2.377 -2.702 -2.882
0.0001 -2.19174 10.00000 0.8420172930 2.4325799942    0.811  2.955  3.6660  1.008    3  0.000  0.521     0.00     0.00 -1  -3.9e-09      0.00 7.512e-01 2.487e-01 1.667e-05 5.038e-06 4.267e-05 -1.000 1.000e-04 -2.617 0.444 -1.557 -2.467 -2.800 -2.984
0.0001 -2.19174 10.00000 0.8420308232 2.4325840473    0.809  2.996  3.6639  0.958    3  0.000  0.521     0.00     0.00 -1 -4.55e-09      0.00 7.512e-01 2.487e-01 1.667e-05 5.038e-06 4.267e-05 -1.000 9.999e-05 -2.720 0.485 -1.613 -2.561 -2.904 -3.093
0.0001 -2.19174 10.00000 0.8420419097 2.4325876236    0.807  3.031  3.6621  0.914    3  0.000  0.521     0.00     0.00 -1  -5.2e-09      0.00 7.512e-01 2.487e-01 1.667e-05 5.038e-06 4.267e-05 -1.000 9.999e-05 -2.809 0.527 -1.658 -2.642 -2.995 -3.188
0.0001 -2.19174 10.00000 0.8420513868 2.4325904846    0.805  3.063  3.6603  0.874    3  0.000  0.521     0.00     0.00 -1 -5.87e-09      0.00 7.512e-01 2.487e-01 1.667e-05 5.038e-06 4.267e-05 -1.000 1.000e-04 -2.888 0.579 -1.694 -2.714 -3.076 -3.273
0.0001 -2.19174 10.00000 0.8420611024 2.4325935841    0.802  3.098  3.6585  0.830    3  0.000  0.521     0.00     0.00 -1 -6.69e-09      0.00 7.512e-01 2.487e-01 1.667e-05 5.038e-06 4.267e-05 -1.000 1.000e-04 -2.975 0.638 -1.730 -2.790 -3.163 -3.365
0.0001 -2.19174 10.00000 0.8420711160 2.4325966835    0.799  3.135  3.6564  0.783    3  0.000  0.521     0.00     0.00 -1 -7.71e-09      0.00 7.512e-01 2.487e-01 1.667e-05 5.038e-06 4.267e-05 -1.000 1.000e-04 -3.068 0.663 -1.778 -2.872 -3.255 -3.462
0.0001 -2.19174 10.00000 0.8420795202 2.4325993061    0.797  3.168  3.6546  0.741    3  0.000  0.521     0.00     0.00 -1 -8.74e-09      0.00 7.512e-01 2.487e-01 1.667e-05 5.039e-06 4.267e-05 -1.000 1.000e-04 -3.151 0.674 -1.822 -2.943 -3.335 -3.547
0.0001 -2.19174 10.00000 0.8420879841 2.4326019287    0.793  3.203  3.6528  0.698    3  0.000  0.521     0.00     0.00 -1 -9.97e-09      0.00 7.512e-01 2.487e-01 1.667e-05 5.039e-06 4.267e-05 -1.000 1.000e-04 -3.236 0.684 -1.870 -3.018 -3.419 -3.635
0.0001 -2.19174 10.00000 0.8420957923 2.4326043129    0.790  3.234  3.6511  0.659    3  0.000  0.521     0.00     0.00 -1 -1.13e-08      0.00 7.512e-01 2.487e-01 1.667e-05 5.039e-06 4.267e-05 -1.000 9.999e-05 -3.314 0.693 -1.911 -3.085 -3.495 -3.715
0.0001 -2.19174 10.00000 0.8420979977 2.4326050282    0.789  3.242  3.6507  0.648    3  0.000  0.521     0.00     0.00 -1 -1.17e-08      0.00 7.512e-01 2.487e-01 1.667e-05 5.039e-06 4.267e-05 -1.000 1.000e-04 -3.335 0.697 -1.922 -3.103 -3.515 -3.737
0.0001 -2.19174 10.00000 0.8420979977 2.4326050282    0.789  1.703  3.8886  3.138    4  0.000  0.532     0.00     0.00 -1    -1e-30      0.00 7.554e-01 2.445e-01 1.688e-05 4.708e-06 4.230e-05 -1.000 1.000e-04 0.512 1.706 0.519 0.585 0.689 0.766
0.0001 -2.19174 10.00000 0.8421285748 2.4326145649    0.789  1.726  3.8765  3.067    4  0.000  0.532     0.00     0.00 -1    -1e-30      0.00 7.554e-01 2.445e-01 1.688e-05 4.708e-06 4.230e-05 -1.000 9.994e-05 0.456 1.657 0.485 0.511 0.595 0.662
0.0001 -2.19174 10.00000 0.8421831727 2.4326314926    0.789  1.731  3.8741  3.053    4  0.000  0.532     0.00     0.00 -1    -1e-30      0.00 7.554e-01 2.445e-01 1.688e-05 4.708e-06 4.230e-05 -1.000 1.000e-04 0.444 1.647 0.478 0.496 0.575 0.641
0.0001 -2.19174 10.00000 0.8422359228 2.4326479435    0.789  1.731  3.8747  3.055    4  0.000  0.532     0.00     0.00 -1    -1e-30      0.00 7.554e-01 2.445e-01 1.688e-05 4.708e-06 4.230e-05 -1.000 1.000e-04 0.443 1.646 0.476 0.495 0.576 0.642
0.0001 -2.19174 10.00000 0.8422896862 2.4326646328    0.789  1.731  3.8753  3.057    4  0.000  0.532     0.00     0.00 -1    -1e-30      0.00 7.554e-01 2.445e-01 1.688e-05 4.708e-06 4.230e-05 -1.000 9.993e-05 0.442 1.645 0.474 0.496 0.577 0.644
0.0001 -2.19174 10.00000 0.8423454165 2.4326817989    0.789  1.731  3.8760  3.060    4  0.000  0.532     0.00     0.00 -1    -1e-30      0.00 7.554e-01 2.445e-01 1.688e-05 4.709e-06 4.230e-05 -1.000 9.999e-05 0.442 1.644 0.472 0.496 0.579 0.646
0.0001 -2.19174 10.00000 0.8423981071 2.4326982498    0.789  1.732  3.8766  3.062    4  0.000  0.532     0.00     0.00 -1    -1e-30      0.00 7.554e-01 2.445e-01 1.688e-05 4.709e-06 4.230e-05 -1.000 9.999e-05 0.441 1.643 0.470 0.496 0.580 0.648
0.0001 -2.19174 10.00000 0.8424534798 2.4327154160    0.789  1.732  3.8770  3.064    4  0.000  0.532     0.00     0.00 -1    -1e-30      0.00 7.554e-01 2.445e-01 1.688e-05 4.709e-06 4.230e-05 -1.000 1.000e-04 0.441 1.643 0.469 0.496 0.581 0.649
0.0001 -2.19174 10.00000 0.8425083756 2.4327325821    0.789  1.732  3.8773  3.065    4  0.000  0.532     0.00     0.00 -1    -1e-30      0.00 7.554e-01 2.445e-01 1.688e-05 4.709e-06 4.230e-05 -1.000 9.997e-05 0.440 1.642 0.467 0.496 0.582 0.650
0.0001 -2.19174 10.00000 0.8425636292 2.4327497482    0.789  1.732  3.8774  3.065    4  0.000  0.532     0.00     0.00 -1    -1e-30      0.00 7.554e-01 2.445e-01 1.688e-05 4.709e-06 4.230e-05 -1.000 9.996e-05 0.439 1.641 0.467 0.495 0.581 0.649
0.0001 -2.19174 10.00000 0.8426155448 2.4327657223    0.789  1.733  3.8773  3.064    4  0.000  0.532     0.00     0.00 -1    -1e-30      0.00 7.554e-01 2.445e-01 1.688e-05 4.710e-06 4.230e-05 -1.000 9.996e-05 0.439 1.640 0.466 0.494 0.580 0.648
0.0001 -2.19174 10.00000 0.8426724076 2.4327833652    0.790  1.733  3.8768  3.061    4  0.000  0.532     0.00     0.00 -1    -1e-30      0.00 7.554e-01 2.445e-01 1.688e-05 4.710e-06 4.230e-05 -1.000 9.997e-05 0.437 1.639 0.465 0.492 0.577 0.645
0.0001 -2.19174 10.00000 0.8427278996 2.4328005314    0.790  1.734  3.8759  3.057    4  0.000  0.532     0.00     0.00 -1    -1e-30      0.00 7.554e-01 2.445e-01 1.688e-05 4.710e-06 4.230e-05 -1.000 9.994e-05 0.435 1.637 0.465 0.489 0.572 0.639
0.0001 -2.19174 10.00000 0.8427840471 2.4328179359    0.790  1.735  3.8746  3.051    4  0.000  0.532     0.00     0.00 -1    -1e-30      0.00 7.554e-01 2.445e-01 1.688e-05 4.710e-06 4.230e-05 -1.000 9.991e-05 0.432 1.636 0.465 0.485 0.565 0.632
0.0001 -2.19174 10.00000 0.8428413272 2.4328358173    0.790  1.736  3.8728  3.042    4  0.000  0.532     0.00     0.00 -1    -1e-30      0.00 7.554e-01 2.445e-01 1.688e-05 4.710e-06 4.230e-05 -1.000 9.996e-05 0.429 1.634 0.466 0.479 0.557 0.622
0.0001 -2.19174 10.00000 0.8428643346 2.4328429699    0.790  1.737  3.8720  3.039    4  0.000  0.532     0.00     0.00 -1    -1e-30      0.00 7.554e-01 2.445e-01 1.688e-05 4.711e-06 4.230e-05 -1.000 1.000e-04 0.427 1.633 0.466 0.477 0.553 0.617
0.0001 -2.19174 10.00000 0.8428956866 2.4328527451    0.790  1.738  3.8707  3.032    4  0.000  0.532     0.00     0.00 -1    -1e-30      0.00 7.554e-01 2.445e-01 1.688e-05 4.711e-06 4.230e-05 -1.000 9.996e-05 0.425 1.631 0.466 0.473 0.546 0.609
0.0001 -2.19174 10.00000 0.8429542184 2.4328708649    0.790  1.740  3.8677  3.018    4  0.000  0.532     0.00     0.00 -1    -1e-30      0.00 7.554e-01 2.445e-01 1.688e-05 4.711e-06 4.230e-05 -1.000 1.000e-04 0.420 1.628 0.468 0.465 0.533 0.594
0.0001 -2.19174 10.00000 0.8430075645 2.4328873158    0.790  1.742  3.8644  3.003    4  0.000  0.532     0.00     0.00 -1    -1e-30      0.00 7.553e-01 2.446e-01 1.688e-05 4.711e-06 4.230e-05 -1.000 1.000e-04 0.415 1.625 0.471 0.457 0.518 0.577
0.0001 -2.19174 10.00000 0.8430622220 2.4329042435    0.790  1.745  3.8605  2.985    4  0.000  0.532     0.00     0.00 -1    -1e-30      0.00 7.553e-01 2.446e-01 1.688e-05 4.711e-06 4.230e-05 -1.000 9.999e-05 0.409 1.621 0.474 0.447 0.501 0.556
0.0001 -2.19174 10.00000 0.8431203365 2.4329223633    0.790  1.747  3.8558  2.963    4  0.000  0.532     0.00     0.00 -1    -1e-30      0.00 7.553e-01 2.446e-01 1.688e-05 4.712e-06 4.230e-05 -1.000 9.996e-05 0.401 1.616 0.479 0.437 0.482 0.533
0.0001 -2.19174 10.00000 0.8431782126 2.4329402447    0.790  1.751  3.8504  2.938    4  0.000  0.532     0.00     0.00 -1    -1e-30      0.00 7.553e-01 2.446e-01 1.688e-05 4.712e-06 4.231e-05 -1.000 9.996e-05 0.393 1.611 0.486 0.426 0.461 0.507
0.0001 -2.19174 10.00000 0.8432347178 2.4329576492    0.790  1.755  3.8445  2.911    4  0.000  0.532     0.00     0.00 -1    -1e-30      0.00 7.553e-01 2.446e-01 1.688e-05 4.712e-06 4.231e-05 -1.000 1.000e-04 0.384 1.606 0.493 0.414 0.438 0.478
0.0001 -2.19174 10.00000 0.8432671428 2.4329679012    0.790  1.757  3.8410  2.895    4  0.000  0.532     0.00     0.00 -1    -1e-30      0.00 7.553e-01 2.446e-01 1.688e-05 4.712e-06 4.231e-05 -1.000 9.996e-05 0.378 1.603 0.497 0.407 0.424 0.461
0.0001 -2.19174 10.00000 0.8433207870 2.4329843521    0.790  1.761  3.8345  2.865    4  0.000  0.532     0.00     0.00 -1    -1e-30      0.00 7.553e-01 2.446e-01 1.688e-05 4.712e-06 4.231e-05 -1.000 9.999e-05 0.368 1.599 0.506 0.395 0.400 0.431
0.0001 -2.19174 10.00000 0.8433775902 2.4330019951    0.790  1.765  3.8274  2.832    4  0.000  0.532     0.00     0.00 -1    -1e-30      0.00 7.553e-01 2.446e-01 1.688e-05 4.712e-06 4.231e-05 -1.000 9.999e-05 0.357 1.595 0.516 0.382 0.374 0.398
0.0001 -2.19174 10.00000 0.8434337378 2.4330193996    0.790  1.770  3.8199  2.797    4  0.000  0.532     0.00     0.00 -1    -1e-30      0.00 7.553e-01 2.446e-01 1.688e-05 4.713e-06 4.231e-05 -1.000 1.000e-04 0.345 1.593 0.528 0.369 0.347 0.363
0.0001 -2.19174 10.00000 0.8434913158 2.4330372810    0.790  1.775  3.8115  2.759    4  0.000  0.532     0.00     0.00 -1    -1e-30      0.00 7.553e-01 2.446e-01 1.688e-05 4.713e-06 4.231e-05 -1.000 9.994e-05 0.332 1.591 0.542 0.355 0.318 0.325
0.0001 -2.19174 10.00000 0.8435462713 2.4330542088    0.790  1.781  3.8030  2.719    4  0.000  0.532     0.00     0.00 -1    -1e-30      0.00 7.553e-01 2.446e-01 1.688e-05 4.713e-06 4.231e-05 -1.000 9.996e-05 0.318 1.590 0.559 0.342 0.288 0.287
0.0001 -2.19174 10.00000 0.8436011672 2.4330711365    0.791  1.787  3.7948  2.680    4  0.000  0.532     0.00     0.00 -1    -1e-30      0.00 7.553e-01 2.446e-01 1.688e-05 4.713e-06 4.231e-05 -1.000 9.993e-05 0.303 1.591 0.575 0.329 0.260 0.250
0.0001 -2.19174 10.00000 0.8436554670 2.4330880642    0.791  1.793  3.7882  2.648    4  0.000  0.532     0.00     0.00 -1    -1e-30      0.00 7.553e-01 2.446e-01 1.688e-05 4.713e-06 4.231e-05 -1.000 9.994e-05 0.288 1.590 0.585 0.316 0.235 0.217
0.0001 -2.19174 10.00000 0.8437105417 2.4331049919    0.791  1.799  3.7824  2.619    4  0.000  0.532     0.00     0.00 -1    -1e-30      0.00 7.553e-01 2.446e-01 1.688e-05 4.714e-06 4.231e-05 -1.000 9.996e-05 0.273 1.589 0.593 0.303 0.211 0.187
0.0001 -2.19174 10.00000 0.8437654376 2.4331221581    0.791  1.805  3.7774  2.593    4  0.000  0.532     0.00     0.00 -1    -1e-30      0.00 7.553e-01 2.446e-01 1.688e-05 4.714e-06 4.231e-05 -1.000 1.000e-04 0.257 1.589 0.596 0.289 0.188 0.158
0.0001 -2.19174 10.00000 0.8438013196 2.4331331253    0.791  1.808  3.7754  2.582    4  0.000  0.532     0.00     0.00 -1    -1e-30      0.00 7.553e-01 2.446e-01 1.688e-05 4.714e-06 4.231e-05 -1.000 9.996e-05 0.250 1.589 0.597 0.283 0.178 0.146
0.0001 -2.19174 10.00000 0.8438554406 2.4331498146    0.791  1.816  3.7706  2.554    4  0.000  0.532     0.00     0.00 -1    -1e-30      0.00 7.553e-01 2.446e-01 1.688e-05 4.714e-06 4.231e-05 -1.000 1.000e-04 0.229 1.586 0.594 0.264 0.151 0.112
0.0001 -2.19174 10.00000 0.8439114690 2.4331672192    0.791  1.832  3.7640  2.513    4  0.000  0.532     0.00     0.00 -1    -1e-30      0.00 7.553e-01 2.446e-01 1.688e-05 4.714e-06 4.231e-05 -1.000 1.000e-04 0.191 1.572 0.583 0.229 0.104 0.058
0.0001 -2.19174 10.00000 0.8439662457 2.4331841469    0.791  1.857  3.7559  2.455    4  0.000  0.532     0.00     0.00 -1    -1e-30      0.00 7.553e-01 2.446e-01 1.688e-05 4.715e-06 4.231e-05 -1.000 9.999e-05 0.128 1.544 0.553 0.170 0.031 -0.025
0.0001 -2.19174 10.00000 0.8439993858 2.4331943989    0.791  1.886  3.7481  2.394    4  0.000  0.532     0.00     0.00 -1    -1e-30      0.00 7.553e-01 2.446e-01 1.688e-05 4.715e-06 4.231e-05 -1.000 1.000e-04 0.055 1.509 0.511 0.101 -0.051 -0.118
0.0001 -2.19174 10.00000 0.8440159559 2.4331996441    0.791  1.918  3.7408  2.334    4  0.000  0.532     0.00     0.00 -1    -1e-30      0.00 7.553e-01 2.446e-01 1.688e-05 4.715e-06 4.231e-05 -1.000 1.000e-04 -0.024 1.471 0.462 0.027 -0.138 -0.213
0.0001 -2.19174 10.00000 0.8440230489 2.4332017899    0.791  1.949  3.7347  2.278    4  0.000  0.532     0.00     0.00 -1    -1e-30      0.00 7.553e-01 2.446e-01 1.688e-05 4.715e-06 4.231e-05 -1.000 9.996e-05 -0.104 1.438 0.410 -0.048 -0.224 -0.308
0.0001 -2.19174 10.00000 0.8440262675 2.4332027435    0.791  1.980  3.7298  2.227    4  0.000  0.532     0.00     0.00 -1    -1e-30      0.00 7.553e-01 2.446e-01 1.688e-05 4.715e-06 4.231e-05 -1.000 1.000e-04 -0.180 1.400 0.355 -0.122 -0.307 -0.397
0.0001 -2.19174 10.00000 0.8440279365 2.4332032204    0.791  2.008  3.7262  2.185    4  0.000  0.532     0.00     0.00 -1    -1e-30      0.00 7.553e-01 2.446e-01 1.688e-05 4.715e-06 4.231e-05 -1.000 9.999e-05 -0.249 1.365 0.303 -0.188 -0.379 -0.474
0.0001 -2.19174 10.00000 0.8440280557 2.4332032204    0.791  2.010  3.7258  2.181    7  0.000  0.532     0.00     0.00 -1    -1e-30      0.00 7.553e-01 2.446e-01 1.688e-05 4.715e-06 4.231e-05 -1.000 9.999e-05 -0.256 1.361 0.298 -0.194 -0.386 -0.481
0.0001 -2.19174 10.00000 0.8440288305 2.4332034588    0.791  2.035  3.7234  2.147    7  0.000  0.532     0.00     0.00 -1    -1e-30      0.00 7.553e-01 2.446e-01 1.688e-05 4.715e-06 4.231e-05 -1.000 1.000e-04 -0.317 1.322 0.247 -0.254 -0.450 -0.548
0.0001 -2.19174 10.00000 0.8440299630 2.4332039356    0.791  2.077  3.7198  2.090    7  0.000  0.532     0.00     0.00 -1    -1e-30      0.00 7.553e-01 2.446e-01 1.688e-05 4.715e-06 4.231e-05 -1.000 9.999e-05 -0.422 1.251 0.159 -0.355 -0.558 -0.661
0.0001 -2.19174 10.00000 0.8440309763 2.4332041740    0.791  2.117  3.7166  2.037    7  0.000  0.532     0.00     0.00 -1    -1e-30      0.00 7.553e-01 2.446e-01 1.688e-05 4.715e-06 4.231e-05 -1.000 9.999e-05 -0.524 1.184 0.074 -0.454 -0.663 -0.769
0.0001 -2.19174 10.00000 0.8440324068 2.4332046509    0.791  2.168  3.7132  1.973    7  0.000  0.532     0.00     0.00 -1    -1e-30      0.00 7.553e-01 2.446e-01 1.688e-05 4.715e-06 4.231e-05 -1.000 1.000e-04 -0.649 1.099 -0.034 -0.576 -0.791 -0.903
0.0001 -2.19174 10.00000 0.8440356851 2.4332056046    0.791  2.170  3.7134  1.972    7  0.000  0.532     0.00     0.00 -1    -1e-30      0.00 7.553e-01 2.446e-01 1.688e-05 4.715e-06 4.231e-05 -1.000 9.999e-05 -0.655 1.091 -0.041 -0.582 -0.797 -0.908
0.0001 -2.19174 10.00000 0.8440538049 2.4332113266    0.791  2.144  3.7148  2.003    7  0.000  0.532     0.00     0.00 -1    -1e-30      0.00 7.553e-01 2.446e-01 1.688e-05 4.715e-06 4.231e-05 -1.000 9.993e-05 -0.591 1.137 0.016 -0.519 -0.731 -0.840
0.0001 -2.19174 10.00000 0.8440762758 2.4332182407    0.791  2.182  3.7121  1.955    7  0.000  0.532     0.00     0.00 -1    -1e-30      0.00 7.552e-01 2.447e-01 1.688e-05 4.715e-06 4.231e-05 -1.000 1.000e-04 -0.684 1.078 -0.063 -0.610 -0.827 -0.940
0.0001 -2.19174 10.00000 0.8440961242 2.4332244396    0.791  2.225  3.7092  1.900    7  0.000  0.532     0.00     0.00 -1    -1e-30      0.00 7.552e-01 2.447e-01 1.688e-05 4.715e-06 4.231e-05 -1.000 9.999e-05 -0.792 1.007 -0.155 -0.715 -0.938 -1.055
0.0001 -2.19174 10.00000 0.8441100717 2.4332287312    0.791  2.259  3.7070  1.857    7  0.000  0.532     0.00     0.00 -1    -1e-30      0.00 7.552e-01 2.447e-01 1.688e-05 4.715e-06 4.231e-05 -1.000 9.996e-05 -0.878 0.951 -0.229 -0.799 -1.026 -1.146
0.0001 -2.19174 10.00000 0.8441278338 2.4332342148    0.791  2.301  3.7045  1.805    7  0.000  0.532     0.00     0.00 -1    -1e-30      0.00 7.552e-01 2.447e-01 1.688e-05 4.715e-06 4.231e-05 -1.000 1.001e-04 -0.983 0.882 -0.319 -0.901 -1.133 -1.256
0.0001 -2.19174 10.00000 0.8441444039 2.4332392216    0.791  2.340  3.7022  1.757    7  0.000  0.532     0.00     0.00 -1    -1e-30      0.00 7.552e-01 2.447e-01 1.688e-05 4.716e-06 4.231e-05 -1.000 1.000e-04 -1.081 0.816 -0.404 -0.996 -1.233 -1.359
0.0001 -2.19174 10.00000 0.8441596627 2.4332439899    0.791  2.380  3.7000  1.708    7  0.000  0.532     0.00     0.00 -1    -1e-30      0.00 7.552e-01 2.447e-01 1.688e-05 4.717e-06 4.231e-05 -1.000 1.000e-04 -1.180 0.749 -0.490 -1.093 -1.334 -1.464
0.0001 -2.19174 10.00000 0.8441734910 2.4332482815    0.791  2.420  3.6978  1.659    7  0.000  0.531     0.00     0.00 -1    -1e-30      0.00 7.552e-01 2.447e-01 1.685e-05 4.729e-06 4.232e-05 -1.000 9.994e-05 -1.280 0.684 -0.577 -1.190 -1.435 -1.568
0.0001 -2.19174 10.00000 0.8441860080 2.4332520962    0.791  2.461  3.6956  1.610    7  0.000  0.527     0.00     0.00 -1    -1e-30      0.00 7.550e-01 2.449e-01 1.674e-05 4.796e-06 4.233e-05 -1.000 7.018e-05 -1.381 0.618 -0.664 -1.288 -1.538 -1.673
0.0001 -2.19174 10.00000 0.8441974521 2.4332556725    0.791  2.502  3.6934  1.560    7  0.000  0.518     0.00     0.00 -1    -1e-30      0.00 7.548e-01 2.451e-01 1.644e-05 5.083e-06 4.235e-05 -1.000 7.859e-05 -1.484 0.551 -0.752 -1.387 -1.641 -1.780
0.0001 -2.19174 10.00000 0.8442077637 2.4332587719    0.791  2.542  3.6912  1.511    7  0.000  0.502     0.00     0.00 -1    -1e-30      0.00 7.546e-01 2.453e-01 1.596e-05 5.644e-06 4.236e-05 -1.000 9.999e-05 -1.586 0.484 -0.839 -1.485 -1.744 -1.886
0.0001 -2.19174 10.00000 0.8442170024 2.4332616329    0.791  2.582  3.6891  1.462    7  0.000  0.487     0.00     0.00 -1    -1e-30      0.00 7.544e-01 2.455e-01 1.548e-05 6.239e-06 4.238e-05 -1.000 9.996e-05 -1.686 0.421 -0.924 -1.582 -1.845 -1.991
0.0001 -2.19174 10.00000 0.8442255855 2.4332642555    0.791  2.623  3.6870  1.413    7  0.000  0.474     0.00     0.00 -1    -1e-30      0.00 7.542e-01 2.457e-01 1.506e-05 6.755e-06 4.239e-05 -1.000 1.000e-04 -1.787 0.362 -1.009 -1.678 -1.947 -2.095
0.0001 -2.19174 10.00000 0.8442335129 2.4332668781    0.791  2.663  3.6848  1.365    7  0.000  0.462     0.00     0.00 -1    -1e-30      0.00 7.540e-01 2.459e-01 1.470e-05 7.195e-06 4.240e-05 -1.000 9.997e-05 -1.887 0.316 -1.090 -1.775 -2.048 -2.200
0.0001 -2.19174 10.00000 0.8442410827 2.4332692623    0.791  2.703  3.6827  1.317    7  0.000  0.453     0.00     0.00 -1    -1e-30      0.00 7.538e-01 2.461e-01 1.440e-05 7.570e-06 4.240e-05 -1.000 9.993e-05 -1.986 0.291 -1.168 -1.872 -2.151 -2.306
0.0001 -2.19174 10.00000 0.8442484140 2.4332714081    0.791  2.742  3.6806  1.268    7  0.000  0.444     0.00     0.00 -1    -1e-30      0.00 7.535e-01 2.464e-01 1.413e-05 7.907e-06 4.240e-05 -1.000 9.999e-05 -2.086 0.271 -1.244 -1.969 -2.254 -2.412
0.0001 -2.19174 10.00000 0.8442555070 2.4332735538    0.791  2.783  3.6784  1.219    7  0.000  0.437     0.00     0.00 -1    -1e-30      0.00 7.533e-01 2.466e-01 1.390e-05 8.195e-06 4.238e-05 -1.000 9.912e-05 -2.187 0.260 -1.318 -2.067 -2.357 -2.519
0.0001 -2.19174 10.00000 0.8442620039 2.4332756996    0.791  2.823  3.6762  1.170    7  0.000  0.431     0.00     0.00 -1    -1e-30      0.00 7.530e-01 2.469e-01 1.370e-05 8.448e-06 4.235e-05 -1.000 9.748e-05 -2.289 0.257 -1.390 -2.164 -2.462 -2.627
0.0001 -2.19174 10.00000 0.8442675471 2.4332773685    0.791  2.863  3.6740  1.121    7  0.000  0.426     0.00     0.00 -1    -1e-30      0.00 7.528e-01 2.471e-01 1.352e-05 8.685e-06 4.228e-05 -1.000 9.999e-05 -2.389 0.263 -1.458 -2.260 -2.564 -2.734
0.0001 -2.19174 10.00000 0.8442724943 2.4332787991    0.791  2.904  3.6717  1.071    7  0.000  0.423     0.00     0.00 -1    -1e-30      0.00 7.525e-01 2.474e-01 1.337e-05 8.917e-06 4.218e-05 -1.000 1.000e-04 -2.490 0.276 -1.524 -2.356 -2.669 -2.843
0.0001 -2.19174 10.00000 0.8442766666 2.4332802296    0.791  2.944  3.6695  1.022    7  0.000  0.420     0.00     0.00 -1    -1e-30      0.00 7.523e-01 2.476e-01 1.324e-05 9.158e-06 4.204e-05 -1.000 1.000e-04 -2.590 0.298 -1.586 -2.450 -2.771 -2.949
0.0001 -2.19174 10.00000 0.8442804813 2.4332814217    0.791  2.983  3.6672  0.974    7  0.000  0.418     0.00     0.00 -1    -1e-30      0.00 7.520e-01 2.479e-01 1.313e-05 9.411e-06 4.188e-05 -1.000 9.996e-05 -2.688 0.337 -1.641 -2.541 -2.872 -3.054
0.0001 -2.19174 10.00000 0.8442844748 2.4332826138    0.791  3.024  3.6648  0.923    7  0.000  0.417     0.00     0.00 -1    -1e-30      0.00 7.518e-01 2.481e-01 1.305e-05 9.651e-06 4.172e-05 -1.000 9.996e-05 -2.790 0.392 -1.692 -2.634 -2.976 -3.163
0.0001 -2.19174 10.00000 0.8442878127 2.4332835674    0.791  3.063  3.6625  0.876    7  0.000  0.416     0.00     0.00 -1    -1e-30      0.00 7.516e-01 2.483e-01 1.298e-05 9.854e-06 4.158e-05 -1.000 5.394e-05 -2.887 0.453 -1.736 -2.721 -3.074 -3.267
0.0001 -2.19174 10.00000 0.8442898393 2.4332842827    0.791  3.101  3.6602  0.829    7  0.000  0.416     0.00     0.00 -1    -1e-30      0.00 7.515e-01 2.484e-01 1.294e-05 9.990e-06 4.147e-05 -1.000 9.996e-05 -2.982 0.529 -1.773 -2.805 -3.171 -3.369
0.0001 -2.19174 10.00000 0.8442901373 2.4332842827    0.791  3.059  3.6628  0.881    7  0.000  0.416     0.00     0.00 -1    -1e-30      0.00 7.513e-01 2.486e-01 1.289e-05 1.018e-05 4.133e-05 -1.000 1.000e-04 -2.876 0.442 -1.733 -2.712 -3.064 -3.255
0.0001 -2.19174 10.00000 0.8442902565 2.4332842827    0.791  3.059  3.6628  0.881    7  0.000  0.416     0.00     0.00 -1    -1e-30      0.00 7.513e-01 2.486e-01 1.289e-05 1.018e-05 4.133e-05 -1.000 9.997e-05 -2.876 0.443 -1.733 -2.712 -3.064 -3.255
0.0001 -2.19174 10.00000 0.8442904353 2.4332842827    0.791  3.078  3.6617  0.857    7  0.000  0.416     0.00     0.00 -1    -1e-30      0.00 7.513e-01 2.486e-01 1.288e-05 1.019e-05 4.132e-05 -1.000 9.991e-05 -2.926 0.479 -1.753 -2.756 -3.114 -3.308
0.0001 -2.19174 10.00000 0.8442906141 2.4332845211    0.791  3.098  3.6604  0.832    7  0.000  0.416     0.00     0.00 -1    -1e-30      0.00 7.513e-01 2.486e-01 1.288e-05 1.020e-05 4.132e-05 -1.000 9.993e-05 -2.974 0.520 -1.771 -2.799 -3.163 -3.361
0.0001 -2.19174 10.00000 0.8442907333 2.4332845211    0.791  3.115  3.6593  0.810    7  0.000  0.416     0.00     0.00 -1    -1e-30      0.00 7.513e-01 2.486e-01 1.288e-05 1.020e-05 4.132e-05 -1.000 1.000e-04 -3.019 0.561 -1.786 -2.838 -3.208 -3.409
0.0001 -2.19174 10.00000 0.8442909718 2.4332845211    0.791  3.137  3.6579  0.783    7  0.000  0.416     0.00     0.00 -1    -1e-30      0.00 7.511e-01 2.488e-01 1.284e-05 1.036e-05 4.119e-05 -1.000 9.993e-05 -3.074 0.613 -1.804 -2.885 -3.263 -3.467
0.0001 -2.19174 10.00000 0.8442913294 2.4332847595    0.791  3.175  3.6555  0.736    7  0.000  0.415     0.00     0.00 -1    -1e-30      0.00 7.509e-01 2.490e-01 1.279e-05 1.054e-05 4.106e-05 -1.000 9.990e-05 -3.167 0.634 -1.850 -2.964 -3.353 -3.563
0.0001 -2.19174 10.00000 0.8442919254 2.4332847595    0.791  3.227  3.6521  0.670    7  0.549  0.415     0.00     0.00 -1    -1e-30      0.00 7.505e-01 2.494e-01 1.269e-05 1.096e-05 4.074e-05 -1.000 9.996e-05 -3.297 0.668 -1.912 -3.074 -3.479 -3.697
0.0001 -2.19174 10.00000 0.8442924619 2.4332849979    0.791  3.414  3.6091  0.310    8  0.549  0.390    87.37    43.29  1 -1.07e-06      0.00 7.290e-01 2.706e-01 6.375e-05 5.931e-05 2.177e-04 -1.000 3.690e-04 -3.766 1.926 -1.516 -3.188 -3.795 -4.127
0.0001 -2.19174 10.00000 0.8442925215 2.4332849979    0.790  3.292  3.6173  0.465    8  0.549  0.390    62.57    32.41  1 -6.11e-07      0.00 7.290e-01 2.706e-01 6.375e-05 5.931e-05 2.177e-04 -1.000 3.690e-04 -3.459 1.802 -1.449 -2.981 -3.529 -3.831
0.0001 -2.19174 10.00000 0.8442925811 2.4332849979    0.789  3.152  3.6301  0.656    8  0.549  0.390    41.49    22.71  1 -3.17e-07      0.00 7.290e-01 2.706e-01 6.375e-05 5.931e-05 2.177e-04 -1.000 3.690e-04 -3.109 1.542 -1.401 -2.751 -3.229 -3.494
0.0001 -2.19174 10.00000 0.8442927599 2.4332852364    0.786  2.925  3.6506  0.963    8  0.549  0.390    21.39    12.79  1 -1.05e-07      0.00 7.290e-01 2.706e-01 6.375e-05 5.931e-05 2.177e-04 -1.000 3.690e-04 -2.543 1.186 -1.235 -2.326 -2.712 -2.926
0.0001 -2.19174 10.00000 0.8442929983 2.4332852364    0.781  2.930  3.6501  0.953    8  0.549  0.390    21.84    12.99  1  -1.1e-07      0.00 7.290e-01 2.706e-01 6.375e-05 5.931e-05 2.177e-04 -1.000 3.690e-04 -2.555 1.200 -1.237 -2.335 -2.724 -2.940
0.0001 -2.19174 10.00000 0.8442932963 2.4332852364    0.776  2.996  3.6440  0.860    8  0.550  0.390    26.71    15.40  1 -1.56e-07      0.00 7.290e-01 2.706e-01 6.375e-05 5.931e-05 2.177e-04 -1.000 3.690e-04 -2.719 1.303 -1.289 -2.461 -2.876 -3.106
0.0001 -2.19174 10.00000 0.8442937136 2.4332854748    0.770  3.151  3.6297  0.644    8  0.550  0.390    42.56    22.95  1 -3.42e-07      0.00 7.290e-01 2.706e-01 6.375e-05 5.931e-05 2.177e-04 -1.000 3.690e-04 -3.107 1.569 -1.387 -2.745 -3.226 -3.492
0.0001 -2.19174 10.00000 0.8442941308 2.4332854748    0.762  3.294  3.6165  0.444    8  0.550  0.390    65.54    33.17  1 -6.91e-07      0.00 7.290e-01 2.706e-01 6.375e-05 5.931e-05 2.177e-04 -1.000 3.690e-04 -3.464 1.846 -1.426 -2.975 -3.530 -3.835
0.0001 -2.19174 10.00000 0.8442946076 2.4332857132    0.753  3.390  3.6075  0.307    8  0.551  0.390    88.14    42.61  1 -1.12e-06      0.00 7.290e-01 2.706e-01 6.375e-05 5.931e-05 2.177e-04 -1.000 3.690e-04 -3.705 2.041 -1.424 -3.111 -3.725 -4.062
0.0001 -2.19174 10.00000 0.8442952037 2.4332859516    0.744  3.443  3.6025  0.228    8  0.551  0.390   104.64    49.09  1 -1.48e-06      0.00 7.290e-01 2.706e-01 6.375e-05 5.931e-05 2.177e-04 -1.000 3.690e-04 -3.838 2.163 -1.407 -3.177 -3.827 -4.184
0.0001 -2.19174 10.00000 0.8442957997 2.4332859516    0.733  3.470  3.5998  0.184    8  0.552  0.390   115.19    52.91  1 -1.75e-06      0.00 7.290e-01 2.706e-01 6.375e-05 5.931e-05 2.177e-04 -1.000 3.690e-04 -3.906 2.234 -1.392 -3.207 -3.878 -4.245
0.0001 -2.19174 10.00000 0.8442965150 2.4332861900    0.722  3.487  3.5984  0.155    8  0.552  0.390   122.91    55.44  0 -1.98e-06      0.00 7.290e-01 2.706e-01 6.375e-05 5.931e-05 2.177e-04 -1.000 3.690e-04 -3.948 2.271 -1.388 -3.229 -3.911 -4.284
0.0001 -2.19174 10.00000 0.8442991376 2.4332871437    0.554 -9.999  4.0000  1.705    9  0.554  0.000     0.00     0.00 -1    -1e-30      0.00 7.290e-01 2.706e-01 6.375e-05 5.931e-05 2.177e-04 -1.000 3.690e-04 29.767 30.778 30.017 30.254 30.466 30.581
#isochrone terminated
